------------------------------------------------------------
 Surface Potential Plot
------------------------------------------------------------
Surface voltage (V/kT_q), Gate Potential (V)
      -40.0803789129,       -1.48047059183
      -39.3772143705,       -1.32927310799
      -38.6740498282,       -1.21700469383
      -37.9708852859,       -1.13189482274
      -37.2677207435,       -1.06552592462
      -36.5645562012,       -1.01168582006
      -35.8613916589,      -0.965121929657
      -35.1582271166,      -0.908469980416
      -34.4550625742,      -0.917375900788
      -33.7518980319,      -0.905236407808
      -33.0487334896,      -0.889677171481
      -32.3455689472,      -0.872731661413
      -31.6424044049,      -0.855153341482
      -30.9392398626,      -0.837273117808
      -30.2360753202,      -0.819246049912
      -29.5329107779,      -0.801146909725
      -28.8297462356,      -0.783012241694
      -28.1265816933,      -0.764860023062
      -27.4234171509,       -0.74669912545
      -26.7202526086,      -0.728533933767
      -26.0170880663,      -0.710366616978
      -25.3139235239,      -0.692198248357
      -24.6107589816,      -0.674029359094
      -23.9075944393,      -0.655860212112
      -23.2044298969,      -0.637690937556
      -22.5012653546,       -0.61952159985
      -21.7981008123,      -0.601352230882
      -21.0949362699,      -0.583182846436
      -20.3917717276,      -0.565013454323
      -19.6886071853,      -0.546844058404
      -18.9854426429,      -0.528674660581
      -18.2822781006,      -0.510505261773
      -17.5791135583,      -0.492335862393
      -16.8759490159,      -0.474166462557
      -16.1727844736,      -0.455997062148
      -15.4696199313,      -0.437827660755
       -14.766455389,      -0.419658257456
      -14.0632908466,      -0.401488850353
      -13.3601263043,      -0.383319435582
       -12.656961762,      -0.365150005334
      -11.9537972196,      -0.346980543824
      -11.2506326773,      -0.328811019162
       -10.547468135,      -0.310641366928
      -9.84430359265,      -0.292471456975
       -9.1411390503,      -0.274301026378
      -8.43797450798,      -0.256129543951
      -7.73480996566,      -0.237955936418
      -7.03164542334,      -0.219778034813
      -6.32848088098,      -0.201591454228
      -5.62531633867,      -0.183387323043
      -4.92215179635,      -0.165147664014
      -4.21898725399,      -0.146835932692
      -3.51582271167,       -0.12837735715
      -2.81265816935,      -0.109616877865
      -2.10949362699,     -0.0902235887149
      -1.40632908468,     -0.0694440258262
     -0.703164542357,     -0.0452447195897
                   0,                    0
      0.703164542319,      0.0566519492414
       1.40632908464,       0.103215839645
       2.10949362696,       0.157055944205
       2.81265816931,        0.22342484232
       3.51582271163,       0.308534713411
       4.21898725395,       0.420803127577

------------------------------------------------------------
 X=2*phi_f/kT_q
------------------------------------------------------------
Surface voltage (V/kT_q), Gate Potential (V)
      -35.1582271166,                 -1.5
      -35.1582271166,                  0.5

------------------------------------------------------------
 Y axis
------------------------------------------------------------
Surface voltage (V/kT_q), Gate Potential (V)
                   0,                 -1.5
                   0,                  0.5

------------------------------------------------------------
 X axis
------------------------------------------------------------
Surface voltage (V/kT_q), Gate Potential (V)
   -70.3164542330286,                    0
    70.3164542330286,                    0

