------------------------------------------------------------
 Surface Potential Plot
------------------------------------------------------------
Surface voltage (V/kT_q), Gate Potential (V)
       40.7835434552,        1.73234551834
       40.0803789129,        1.54166364739
       39.3772143705,        1.41039087387
       38.6740498282,        1.32107799509
       37.9708852859,        1.26015685196
       37.2677207435,         1.2171763609
       36.5645562012,        1.18470968949
       35.8613916589,        1.15802660348
       35.1582271166,        1.13438671971
       34.4550625742,        1.11230178053
       33.7518980319,        1.09099388277
       33.0487334896,         1.0700647238
       32.3455689472,        1.04931238779
       31.6424044049,        1.02863484917
       30.9392398626,        1.00798044216
       30.2360753202,       0.987322765786
       29.5329107779,       0.966648050549
       28.8297462356,       0.945948817435
       28.1265816933,       0.925220698215
       27.4234171509,       0.90446084011
       26.7202526086,       0.883667103328
       26.0170880663,       0.862837654923
       25.3139235239,       0.841970760417
       24.6107589816,       0.821064673712
       23.9075944393,       0.800117575388
       23.2044298969,       0.779127534313
       22.5012653546,       0.758092479807
       21.7981008123,       0.737010177788
       21.0949362699,       0.715878207355
       20.3917717276,       0.694693935721
       19.6886071853,       0.673454490056
       18.9854426429,       0.652156725055
       18.2822781006,       0.630797184993
       17.5791135583,       0.609372058908
       16.8759490159,       0.587877127185
       16.1727844736,       0.566307697417
       15.4696199313,       0.54465852674
        14.766455389,       0.522923726993
       14.0632908466,       0.501096647822
       13.3601263043,       0.479169731172
        12.656961762,       0.457134328184
       11.9537972196,       0.434980466076
       11.2506326773,       0.412696547584
        10.547468135,       0.390268958178
       9.84430359265,       0.367681545301
        9.1411390503,       0.34491491746
       8.43797450798,       0.32194548598
       7.73480996566,       0.298744134066
       7.03164542334,       0.275274339172
       6.32848088098,       0.251489484342
       5.62531633867,       0.22732895531
       4.92215179635,       0.202712407837
       4.21898725399,       0.177531268593
       3.51582271167,       0.15163605507
       2.81265816935,       0.124817405516
       2.10949362699,      0.0967777305298
       1.40632908468,       0.067089065799
      0.703164542357,      0.0351309593788
                   0,                    0
     -0.703164542319,     -0.0396202542404
      -1.40632908464,     -0.0856440079958
      -2.10949362696,      -0.140843230517
      -2.81265816931,      -0.209212069143
      -3.51582271163,      -0.296477988201
      -4.21898725395,      -0.410821566902
      -4.92215179631,      -0.563894907147
      -5.62531633863,      -0.772267631537

------------------------------------------------------------
 X=2*phi_f/kT_q
------------------------------------------------------------
Surface voltage (V/kT_q), Gate Potential (V)
       35.1582271166,                   -1
       35.1582271166,                    2

------------------------------------------------------------
 Y axis
------------------------------------------------------------
Surface voltage (V/kT_q), Gate Potential (V)
                   0,                   -1
                   0,                    2

------------------------------------------------------------
 X axis
------------------------------------------------------------
Surface voltage (V/kT_q), Gate Potential (V)
    70.3164542330286,                    0
   -70.3164542330286,                    0

